Webots Project File version R2023b
perspectives: 000000ff00000000fd0000000300000000000001ca0000039ffc0200000001fb00000012005300630065006e0065005400720065006501000000000000039f0000000000000000000000010000035c00000440fc0200000001fb0000001400540065007800740045006400690074006f00720100000013000004400000008900ffffff00000003000008d2000000dafc0100000002fb0000000e0043006f006e0073006f006c006501000001d0000005b00000000000000000fb0000001a0043006f006e0073006f006c00650041006c006c0041006c006c0100000000000008d20000006900ffffff000005740000044000000004000000040000000100000008fc00000000
simulationViewPerspectives: 000000ff0000000100000002000000fc0000051b0100000002010000000101
sceneTreePerspectives: 000000ff00000001000000030000001c000000c0000000fa0100000002010000000201
maximizedDockId: -1
centralWidgetVisible: 1
orthographicViewHeight: 1
textFiles: 1 "controllers/epuck_approach_color.py" "controllers/epuck_approach_color/epuck_approach_color.py"
globalOptionalRendering: CameraFrustums
consoles: Console:All:All
renderingDevicePerspectives: e-puck:camera;1;0.784375;0;0.00194553
